964
362 690
781 620
246 231
75 64
20 26
34 71
915 869
916 218
265 612
623 888
88 879
448 192
61 195
448 477
159 325
10 311
204 165
792 731
53 109
136 53
137 96
603 642
171 927
57 324
318 156
945 414
434 577
804 793
84 419
78 817
57 97
636 312
895 845
61 20
35 191
308 593
869 907
146 197
211 497
60 368
602 102
211 703
611 633
447 175
665 485
33 575
626 151
196 89
596 60
576 347
22 6
49 118
726 418
15 600
521 141
374 241
253 667
653 906
85 163
479 300
36 29
788 901
578 253
128 24
200 199
789 749
51 298
13 17
51 68
137 731
657 649
430 656
160 211
913 908
216 485
223 860
150 157
38 253
221 269
421 9
706 82
642 959
138 296
807 493
21 434
217 555
463 170
50 62
515 609
70 329
320 208
231 308
134 581
939 654
279 548
766 864
34 187
635 59
523 253
938 953
192 154
420 878
494 826
243 58
1 3
441 689
383 314
608 373
350 835
63 16
525 331
194 210
20 11
705 618
398 348
123 391
58 182
55 4
810 17
225 370
149 896
84 354
29 18
415 384
206 158
147 295
868 581
67 11
97 935
234 180
491 267
251 221
648 409
25 33
343 583
36 70
903 955
123 393
627 933
105 680
28 10
155 323
838 130
154 180
228 99
40 301
736 881
160 707
111 740
18 16
150 260
231 262
465 748
164 84
184 701
662 686
424 66
139 540
711 908
219 457
444 887
553 442
716 495
595 268
152 144
52 519
921 740
59 69
265 304
692 178
358 51
880 864
135 236
108 37
625 862
402 514
93 16
423 358
115 322
49 50
458 806
257 897
259 221
45 57
508 318
951 640
254 235
564 86
284 127
711 263
496 14
104 727
40 4
526 840
283 107
561 353
149 312
446 335
188 444
500 24
140 38
342 627
422 216
313 291
27 219
96 28
292 151
71 351
129 944
931 301
770 755
280 526
490 244
796 21
567 548
336 22
501 410
758 26
385 369
347 42
855 560
509 276
146 110
152 524
589 655
291 64
110 899
150 183
435 532
395 107
177 460
165 144
922 120
418 88
90 474
202 653
663 455
177 58
641 426
469 643
167 729
611 72
614 57
160 270
529 306
543 326
160 25
22 122
421 889
32 115
88 14
84 364
353 263
421 774
670 24
77 25
162 768
765 246
392 450
623 547
743 223
37 41
102 113
1 86
58 147
197 917
671 380
841 700
298 892
550 871
115 486
669 223
635 784
376 822
566 173
1 14
477 756
309 138
560 47
769 572
694 579
43 17
5 56
496 786
925 808
429 20
29 60
432 344
571 389
920 381
772 81
76 224
121 145
530 651
242 197
942 623
253 747
237 180
174 435
886 169
109 257
574 167
17 592
260 723
900 441
99 677
376 142
84 674
282 603
271 451
443 551
918 962
10 52
306 384
2 45
94 380
598 334
362 644
503 427
231 469
8 13
85 60
116 106
159 255
19 215
548 836
272 50
2 1
407 35
961 50
253 428
685 468
38 153
413 673
535 147
215 683
72 121
278 82
493 292
813 263
884 183
235 745
947 520
430 179
189 157
273 375
8 37
797 586
95 83
929 487
315 73
671 672
308 341
781 950
437 26
762 404
71 717
104 176
443 162
691 150
46 30
297 345
616 140
38 79
379 513
123 549
161 26
54 21
568 675
42 181
688 171
238 617
458 250
604 537
420 544
73 21
438 55
529 778
16 5
93 340
129 11
235 225
682 847
558 371
234 470
187 960
802 914
208 155
68 205
334 801
143 19
289 264
964 485
661 545
18 159
145 957
534 725
16 48
585 885
122 681
384 930
179 722
693 186
16 19
230 128
342 856
74 179
33 518
597 124
338 267
156 6
297 799
401 14
606 546
56 178
252 274
751 652
98 367
173 233
174 388
12 38
601 375
442 22
177 214
240 510
26 757
579 194
2 15
517 422
122 343
406 629
223 563
104 4
613 436
2 7
101 44
645 520
150 201
709 553
14 271
821 405
17 445
64 2
229 238
33 158
346 151
445 492
42 174
764 742
6 5
143 455
891 842
565 422
720 565
281 71
549 902
515 825
638 15
816 337
109 199
594 455
55 89
227 359
615 287
511 364
85 334
221 527
830 157
824 145
494 120
958 796
379 195
632 6
700 399
32 327
876 130
927 934
336 397
54 221
405 699
250 32
46 134
305 230
291 853
4 276
203 115
84 63
388 502
54 74
72 299
439 351
225 213
35 8
664 121
890 330
634 197
737 294
621 526
360 50
659 419
414 165
69 232
352 363
632 775
405 504
13 91
11 5
114 150
455 834
227 515
918 226
132 175
99 42
362 150
545 654
406 362
777 757
318 487
83 42
217 31
546 331
791 842
77 275
495 753
412 928
313 409
788 803
68 279
21 277
14 247
722 766
166 184
5 4
726 750
88 738
28 530
264 562
266 256
192 335
95 130
767 940
137 584
169 328
923 186
3 4
417 103
124 43
297 260
155 153
2 698
559 40
106 18
50 131
7 12
84 534
342 182
16 23
258 2
173 785
595 794
474 741
438 678
752 818
265 172
718 395
119 282
492 512
599 357
588 74
859 189
426 206
532 924
870 835
125 33
170 60
112 117
411 116
180 229
275 569
19 47
430 954
468 18
874 160
33 144
194 39
26 938
53 46
378 166
273 844
759 232
814 867
443 791
853 932
712 466
54 110
316 427
679 752
89 148
831 148
39 21
411 851
256 253
123 386
198 46
633 783
135 467
155 261
538 478
774 875
395 823
16 390
426 589
245 118
22 332
33 280
58 38
640 433
91 249
51 212
1 306
580 40
415 857
152 721
848 78
894 267
586 403
75 168
222 59
139 483
51 912
909 844
914 946
138 226
248 199
732 673
123 10
25 1
519 618
861 35
164 408
820 69
405 198
514 605
381 449
241 226
223 11
205 286
114 742
702 306
50 639
218 790
911 369
21 349
116 622
264 9
352 54
103 872
276 307
495 852
518 858
303 441
293 105
828 584
239 472
91 220
264 904
811 675
436 59
357 682
842 869
153 267
375 536
240 65
344 294
133 244
183 528
8 42
850 628
724 508
648 787
105 10
5 188
293 646
231 111
49 26
392 484
104 133
46 431
855 956
427 865
339 30
146 733
134 355
845 821
348 261
219 793
89 100
749 470
779 721
159 839
443 498
216 218
310 545
297 331
340 350
819 343
113 531
776 22
107 877
14 24
288 478
607 26
473 86
525 572
425 209
394 264
162 18
802 443
389 328
196 800
31 3
157 539
516 568
139 533
461 269
371 573
300 668
72 499
514 805
866 126
326 755
365 162
190 28
181 186
155 399
207 44
202 130
139 6
952 585
111 89
507 102
440 883
154 116
382 190
115 780
7 21
180 475
832 11
38 719
141 120
782 647
58 310
519 687
282 660
801 846
505 1
2 937
448 713
488 477
215 734
8 6
843 668
449 547
94 36
252 520
44 172
306 585
179 319
44 290
744 258
580 652
224 300
72 33
90 73
456 245
462 335
926 310
103 37
46 135
177 476
373 459
87 27
298 808
9 66
416 413
16 102
506 69
78 30
9 32
98 72
325 910
34 263
361 97
131 649
464 319
682 736
125 167
27 10
387 250
754 213
46 798
270 684
287 175
516 270
298 489
316 132
255 317
552 499
238 294
84 760
873 654
250 413
51 23
654 735
710 632
36 44
382 773
64 132
695 340
216 161
369 71
356 37
217 420
391 624
905 701
245 303
614 628
552 704
71 410
111 591
285 270
948 793
9 8
621 631
204 788
224 495
666 479
453 209
679 246
357 336
252 245
337 150
903 346
138 136
71 767
78 81
144 193
419 795
166 1
234 809
898 803
601 610
537 487
140 697
849 7
140 288
630 140
554 382
227 172
413 440
311 371
149 41
570 309
541 267
34 471
169 92
314 301
290 326
206 333
392 219
234 582
57 522
402 150
482 102
714 287
863 398
185 130
893 343
239 121
412 715
647 335
228 708
4 34
943 89
65 57
318 833
882 270
722 829
100 127
854 342
82 37
317 637
30 92
122 377
620 730
71 142
171 15
433 412
18 619
151 209
119 372
40 173
620 282